5582
1097
794
8799
9602
4220
7792
7384
6418
-5972
-22229
-20156
-15781
-9805
4652
7095
4931
2815
5406
1870
7895
8004
2907
-4959
-5240
-9621
-8091
-973
6927
11321
6364
-5870
-12809
-8600
2618
7401
15724
13099
8979
1615
-8671
-15880
-14010
-9456
2752
7100
8049
10759
11436
2333
-3106
-15891
-24117
-14155
-6986
4998
8744
13238
12314
2382
-3960
-11861
-7187
-2500
8396
12753
16586
13502
10197
10605
3333
-9065
-14906
-20757
-17170
-16904
-11362
-1239
373
8979
8914
14311
5552
1596
2460
3685
-6078
5558
-9437
2846
6941
5781
1604
-1973
900
-8379
-7431
-10215
-4685
-3770
4746
7419
3717
3100
8136
5552
2740
-139
690
-3734
182
726
-2276
-8652
-10303
-14108
2675
7860
9558
9339
4641
-12435
-12422
-11832
-8409
3714
14043
14316