5209
-691
-43
1669
158
-702
-819
-8559
-7896
-13164
-7438
526
3673
8878
8292
3320
2438
1280
3044
2468
-3126
-3378
-6942
-3066
-1803
1321
5307
11039
2480
123
-4310
-4267
-2250
31
6346
4736
1262
-4980
-7527
-7773
-7012
-1955
3723
7942
5939
3799
1739
-221
-4156
-6959
-10805
-8013
1031
9571
9648
12713
5925
429
-996
-6523
-10790
-2762
5000
4719
4240
6335
2929
2470
-5997
-8444
-10646
-11009
-8036
-5202
685
6056
7038
10315
9825
5681
1576
-690
-1112
-4961
-1683
-2328
-2120
-70
4315
4258
-1642
-1749
-7420
-5426
-2444
2710
674
6868
4862
-1366
4404
74
-4204
-1761
2827
-188
-1447
-4424
-1247
1025
-3465
-2167
-3429
-3357
3136
5112
7556
3506
-66
-2961
-6377
-3948
-161
3974
8945
11649
3011
335